%YAML:1.0
---
Size: [ 1280, 720 ]
K_LEFT: !!opencv-matrix
   rows: 3
   cols: 3
   dt: d
   data: [ 707.3367306317743, 0., 639.6571218509566, 0.,
       705.7154686074115, 360.8281214845870, 0., 0., 1. ]
D_LEFT: !!opencv-matrix
   rows: 1
   cols: 5
   dt: d
   data: [ 0.171662844812736, 0.786929728582705, 0.004952923866589, -0.0006461234322710384,
       -0.680911124746347 ]
K_RIGHT: !!opencv-matrix
   rows: 3
   cols: 3
   dt: d
   data: [ 704.9763388844823, 0., 655.2363027309018, 0.,
       703.7858228349209, 364.3229346316954, 0., 0., 1. ]
D_RIGHT: !!opencv-matrix
   rows: 1
   cols: 5
   dt: d
   data: [ 0.157972130577273, 0.783236570308549, 0.002822528766903, 0.001030250484919,
       -0.656021467552422 ]
R: !!opencv-matrix
   rows: 3
   cols: 3
   dt: d
   data: [ 0.999986979221439, 8.669655875821518e-04,
       -0.005028892348291, -8.587208612390664e-04,
       0.999998284202056, 0.001641399228259,
       0.005030306756374, -0.001637059441194,
       0.999986007927272 ]
T: !!opencv-matrix
   rows: 3
   cols: 1
   dt: d
   data: [ -11.981155868915048, 0.197457541765619,
       -0.470524137316608 ]