[LEFT_CAM_2K]
fx=1401.79
fy=1401.79
cx=1158.08
cy=646.31
k1=-0.175995
k2=0.0265533
p1=0
p2=0
k3=0

[RIGHT_CAM_2K]
fx=1398.1
fy=1398.1
cx=1106.48
cy=653.948
k1=-0.175152
k2=0.0267266
p1=0
p2=0
k3=0

[LEFT_CAM_FHD]
fx=1401.79
fy=1401.79
cx=1014.08
cy=565.31
k1=-0.175995
k2=0.0265533
p1=0
p2=0
k3=0

[RIGHT_CAM_FHD]
fx=1398.1
fy=1398.1
cx=962.48
cy=572.948
k1=-0.175152
k2=0.0267266
p1=0
p2=0
k3=0

[LEFT_CAM_HD]
fx=707.3367306317743
fy=705.7154686074115
cx=639.6571218509566
cy=360.8281214845870
k1=0.171662844812736
k2=0.786929728582705
p1=0.004952923866589
p2=-0.0006461234322710384
k3=-0.680911124746347

[RIGHT_CAM_HD]
fx=704.9763388844823
fy=703.7858228349209
cx=655.2363027309018
cy=364.3229346316954
k1=0.157972130577273
k2=0.783236570308549
p1=0.002822528766903
p2=0.001030250484919
k3=-0.656021467552422

[LEFT_CAM_VGA]
fx=350.4475
fy=350.4475
cx=348.27
cy=193.0775
k1=-0.175995
k2=0.0265533
p1=0
p2=0
k3=0

[RIGHT_CAM_VGA]
fx=349.525
fy=349.525
cx=335.37
cy=194.987
k1=-0.175152
k2=0.0267266
p1=0
p2=0
k3=0

[STEREO]
Baseline=119.81155868915048
TY=-0.197457541765619
TZ=-0.470524137316608
CV_2K=0.006799
CV_FHD=0.006799
CV_HD=0.006799
CV_VGA=0.006799
RX_2K=0.00612931
RX_FHD=0.00612931
RX_HD=0.0016
RX_VGA=0.00612931
RZ_2K=-0.00194124
RZ_FHD=-0.00194124
RZ_HD=0.00086
RZ_VGA=-0.00194124

[MISC]
Sensor_ID=0
